[
  {"target": "Temperatura Siracusa", "datapoints":[[34, 1627689600], [32, 1627693200], [31, 1627696800],[30, 1627700400], [29, 1627704000], [28, 1627707600], [27, 1627711200], [26, 1627714800], [25, 1627718400], [24, 1627722000], [23, 1627725600], [22, 1627729200], [23, 1627732800], [27, 1627736400], [30, 1627740000], [32, 1627743600], [34, 1627747200], [38, 1627750800], [45, 1627754400], [48, 1627758000], [49, 1627761600], [44, 1627765200], [42, 1627768800], [38, 1627772400],[34, 1627776000], [32, 1627779600], [31, 1627783200],[30, 1627786800], [29, 1627790400], [28, 1627794000], [27, 1627797600], [26, 1627801200], [25, 1627804800], [24, 1627808400], [23, 1627812000], [22, 1627815600], [23, 1627819200], [27, 1627822800], [30, 1627826400], [32, 1627830000], [34, 1627833600], [38, 1627837200], [45, 1627840800], [48, 1627844400], [49, 1627848000], [44, 1627851600], [42, 1627855200], [38, 1627858800]]},
  {"target": "Temperatura Catania", "datapoints":[ [33, 1627776000], [33, 1627779600], [31, 1627783200],[30, 1627786800], [27, 1627790400], [25, 1627794000], [25, 1627797600], [26, 1627801200], [24, 1627804800], [24, 1627808400], [23, 1627812000], [22, 1627815600], [24, 1627819200], [26, 1627822800], [27, 1627826400], [30, 1627830000], [32, 1627833600], [35, 1627837200], [41, 1627840800], [42, 1627844400], [42, 1627848000], [40, 1627851600], [38, 1627855200], [34, 1627858800]]},
  {"target": "Temperatura Milano", "datapoints":[ [30, 1627776000], [28, 1627779600], [28, 1627783200],[27, 1627786800], [25, 1627790400], [25, 1627794000], [25, 1627797600], [24, 1627801200], [23, 1627804800], [22, 1627808400], [22, 1627812000], [21, 1627815600], [22, 1627819200], [23, 1627822800], [25, 1627826400], [28, 1627830000], [29, 1627833600], [30, 1627837200], [33, 1627840800], [34, 1627844400], [34, 1627848000], [35, 1627851600], [35, 1627855200], [35, 1627858800]]},
  {"target": "Temperatura Monaco", "datapoints":[ [10, 1627776000], [9, 1627779600], [8, 1627783200],[7, 1627786800], [5, 1627790400], [3, 1627794000], [4, 1627797600], [3, 1627801200], [2, 1627804800], [2, 1627808400], [1, 1627812000], [1, 1627815600], [2, 1627819200], [3, 1627822800], [4, 1627826400], [6, 1627830000], [8, 1627833600], [9, 1627837200], [10, 1627840800], [12, 1627844400], [15, 1627848000], [18, 1627851600], [17, 1627855200], [15, 1627858800]]},
  {"target": "Temperatura Dubai", "datapoints":[ [35, 1627776000], [35, 1627779600], [34, 1627783200],[33, 1627786800], [32, 1627790400], [27, 1627794000], [25, 1627797600], [24, 1627801200], [20, 1627804800], [21, 1627808400], [20, 1627812000], [22, 1627815600], [22, 1627819200], [23, 1627822800], [25, 1627826400], [28, 1627830000], [30, 1627833600], [32, 1627837200], [33, 1627840800], [35, 1627844400], [36, 1627848000], [38, 1627851600], [38, 1627855200], [37, 1627858800]]},
  {"target": "Temperatura Copenaghen", "datapoints":[ [10, 1627776000], [10, 1627779600], [8, 1627783200],[6, 1627786800], [5, 1627790400], [4, 1627794000], [3, 1627797600], [3, 1627801200], [2, 1627804800], [1, 1627808400], [0, 1627812000], [-2, 1627815600], [0, 1627819200], [3, 1627822800], [5, 1627826400], [6, 1627830000], [7, 1627833600], [9, 1627837200], [11, 1627840800], [15, 1627844400], [16, 1627848000], [16, 1627851600], [14, 1627855200], [13, 1627858800]]},
  {"target": "Temperatura Antartide", "datapoints":[ [-15, 1627776000], [-18, 1627779600], [-20, 1627783200],[-22, 1627786800], [-24, 1627790400], [-26, 1627794000], [-25, 1627797600], [-26, 1627801200], [-25, 1627804800], [-24, 1627808400], [-23, 1627812000], [-22, 1627815600], [-23, 1627819200], [-27, 1627822800], [-30, 1627826400], [-32, 1627830000], [-34, 1627833600], [-38, 1627837200], [-45, 1627840800], [-46, 1627844400], [-47, 1627848000], [-44, 1627851600], [-42, 1627855200], [-38, 1627858800]]} 
]

